1
3
11
75
1099
33867
2131019
5
37
549
16933
1065509
135283237
2
6
10
74
1098
33866
2131018
18
274
8466
532754
67641618
4
20
148
2196
67732
4262036
36
548
16932
1065508
135283236
8
24
56
72
1096
33864
2131016
136
4232
266376
33820808
16
48
144
2192
67728
4262032
272
8464
532752
67641616
32
288
4384
135456
8524064
544
16928
1065504
135283232
64
192
448
960
1088
33856
2131008
2112
133184
16910400
128
384
896
2176
67712
4262016
4224
266368
33820800
256
768
4352
135424
8524032
8448
532736
67641600
512
8704
270848
17048064
16896
1065472
135283200
1024
3072
7168
15360
31744
33792
2130944
66560
8455168
2048
6144
14336
30720
67584
4261888
133120
16910336
4096
12288
28672
135168
8523776
266240
33820672
8192
24576
270336
17047552
532480
67641344
16384
540672
34095104
1064960
135282688
32768
98304
229376
491520
1015808
2064384
2129920
4227072
65536
196608
458752
983040
2031616
4259840
8454144
131072
393216
917504
1966080
8519680
16908288
262144
786432
1835008
17039360
33816576
524288
1572864
34078720
67633152
1048576
68157440
135266304
2097152
6291456
14680064
31457280
65011712
132120576
266338304
4194304
12582912
29360128
62914560
130023424
264241152
8388608
25165824
58720256
125829120
260046848
16777216
50331648
117440512
251658240
33554432
100663296
234881024
67108864
201326592
134217728
